-400768351683901408958416200638054732473753927680
4485865416851125743788230145233574388718469382144
-24514764764411504983475981567602588918013382098944
87217226729799564487654554570961532637620826275840
-227272096308101830763401243729746552751035059798016
462709819431332579135613503090210881152929786494976
-766717614581304313114392121166832616680006210289664
1063584436778076241182112335678621890599851466424320
-1260890928707415271320049672620311457803946132766720
1297738577606655379676433338360545479999727889022976
-1174034757320339655369158795901049591606791293108224
942963464577089526044422206269395994977092205805568
-677934188506657333601022620611924661223810387673088
439257245648213960218425406267346647338070336077824
-257972856502979631073226298004753211978646395289600
137990608561232610866439277823535118550017691877376
-67501782245716434625321022717049489901181623861248
30300948936890380444641188810690357840398421852160
-12517004528640474114410312100200354935951234957312
4769063904740641993461152447863884474835999391744
-1678801195187379807996886928950958962405971853312
546626688596819879421936148562972655095260381184
-164708488081737671005260911304389856200929312768
45913441353285356544812597189623621359713124352
-11824394908442237813782015042429910964838072320
2805505141981336865142529528869875207720927232
-610122837879497813508978054510894441606152192
120517644367496052573488222809065538013102080
-21259613889629901444312810746680889153945600
3232473902649233225492038672001558428778496
-385658581119287455693748758468032752254976
22806308021126342831010091967753643622400
4894535361089103056466100216447232901120
-2321369271980741328279078542236324986880
601696561599723882176326969201384226816
-123775438994232337878919408695562469376
21961720969887997312065520856381521920
-3468454832875402800794241505433747456
494585628535060280610858619094695936
-64096987281967089485798296793382912
7566621187666403129807306257072128
-812991033858742708150732650971136
79218174622382297258263303946240
-6951821319653222073914715275264
542828623292663115763310526464
-36902811774200980940618924032
2088035191940616804066754560
-86850177265000967745748992
1176129227591098999291904
223725965850750547116032
-29310655078216507848704
2327920657178572930048
-143068110048321554432
7211069563930583552
-302975406829565568
10602327706308288
-305386806375072
7079217962544
-127283265864
1668783060
-14211126
59049
